300.0
306.65
311.55
317.5
323.1
329.05
335.0
340.6
346.55
352.5
358.1
364.05
370.0
375.6
381.55
387.5
393.1
399.05
405.0
410.6
416.55
422.5
428.1
434.05
440.0
445.6
451.55
457.5
463.1
469.05
475.0
480.6
486.55
492.5
498.1
504.05
510.0
515.6
521.55
527.5
533.1
539.05
545.0
550.6
556.55
562.5
568.1
574.05
580.0
585.6
591.55
597.5
603.1
609.05
615.0
620.6
626.55
632.5
638.1
644.05
650.0
655.6
661.55
667.5
673.1
679.05
685.0
690.6
696.55
702.5
708.1
714.05
720.0
725.6
731.55
737.5
743.1
749.05
754.6
759.12
763.73
767.46
770.84
774.03
776.77
779.14
781.45
783.39
785.09
786.74
788.13
789.34
790.52
791.51
792.38
793.23
793.93
794.56
795.16
795.66
796.11
796.54
796.9
797.22
797.53
797.78
798.01
798.23
798.42
798.58
798.74
798.87
798.98
799.1
799.19
799.27
799.35
799.42
799.48
799.54
799.59
799.63
799.67
799.7
799.73
799.76
799.79
799.81
799.83
799.85
799.86
799.88
799.89
799.9
799.91
799.92
799.93
799.94
799.94
799.95
799.96
799.96
799.96
799.97
799.97
799.97
799.98
799.98
799.98
799.98
799.99
799.99
799.99
799.99
799.99
799.99
799.99
799.99
799.99
799.99
800.0
